proj:        3 
zone:       0
north:      0.09055018
south:      -0.4266099
east:       37.61578
west:       37.01643
cols:       2224
rows:       1919
e-w resol:  0.0002694946
n-s resol:  0.0002694946
top:        1
bottom:     0
cols3:      2224
rows3:      1919
depths:     1
e-w resol3: 0.0002694946
n-s resol3: 0.0002694946
t-b resol:  1
