proj:       3
zone:       0
north:      0:05:25.98065N
south:      0:25:35.795742S
east:       37:36:56.824965E
west:       37:00:59.143518E
cols:       2224
rows:       1919
e-w resol:  0:00:00.970181
n-s resol:  0:00:00.970181
format:     1
compressed: 5
