proj:       3
zone:       0
north:      0:05:25.98065N
south:      0:25:35.795742S
east:       37:36:56.824965E
west:       37:00:59.143518E
cols:       2224
rows:       1919
e-w resol:  0:00:00.970181
n-s resol:  0:00:00.970181
top:        1.000000000000000
bottom:     0.000000000000000
cols3:      2224
rows3:      1919
depths:     1
e-w resol3: 0:00:00.970181
n-s resol3: 0:00:00.970181
t-b resol:  1
